111 101 111 101 101
111 101 110 101 111
111 100 100 100 111
110 101 101 101 110
111 100 110 100 111
111 100 110 100 100
111 100 101 101 111
101 101 111 101 101
111 010 010 010 111
001 001 001 101 111
101 101 110 101 101
100 100 100 100 111
10001 11011 10101 10001 10001
1001 1101 1011 1001 1001
111 101 101 101 111
111 101 111 100 100
111 101 101 111 001
111 101 110 101 101
111 100 111 001 111
111 010 010 010 010
101 101 101 101 111
101 101 101 101 010
101 101 101 111 101
101 101 010 101 101
101 101 010 010 010
111 001 010 100 111
000 000 000 000 000
010 110 010 010 010
111 101 001 010 111
110 001 010 001 110
101 101 111 001 001
111 100 111 001 110
111 100 111 101 111
111 001 010 010 010
111 101 111 101 111
111 101 111 001 111
111 101 101 101 111